{
 "cells": [
  {
   "cell_type": "markdown",
   "id": "fifteen-sailing",
   "metadata": {},
   "source": [
    "# Лабораторная работа №1\n",
    "## Выполнил студент группы БФИ2001 Горохов Кирилл Игоревич"
   ]
  },
  {
   "cell_type": "markdown",
   "id": "particular-syndicate",
   "metadata": {},
   "source": [
    "### Оглавление\n",
    "1. [Задание 1](#Задание-№1)\n",
    "2. [Задание 2](#Задание-№2)\n",
    "3. [Задание 3](#Задание-№3)\n",
    "4. [Вывод](#Вывод)"
   ]
  },
  {
   "cell_type": "markdown",
   "id": "arctic-stocks",
   "metadata": {},
   "source": [
    "### Задание №1\n",
    "<i> Вызвать функцию print() и передать туда строку Hello, World! </i>"
   ]
  },
  {
   "cell_type": "code",
   "execution_count": 1,
   "id": "caring-truck",
   "metadata": {
    "scrolled": true
   },
   "outputs": [
    {
     "name": "stdout",
     "output_type": "stream",
     "text": [
      "Hello, World!\n"
     ]
    }
   ],
   "source": [
    "print(\"Hello, World!\")"
   ]
  },
  {
   "cell_type": "markdown",
   "id": "maritime-conversation",
   "metadata": {},
   "source": [
    "### Задание №2\n",
    "Написать генератор случайных матриц(многомерных), который принимает\n",
    "опциональные параметры <b>m</b>, <b>n</b>, <b>min_limit</b>, <b>max_limit</b>, где <b>m</b> и <b>n</b> указывают размер\n",
    "матрицы, а <b>min_lim</b> и <b>max_lim</b> - минимальное и максимальное значение для\n",
    "генерируемого числа."
   ]
  },
  {
   "cell_type": "code",
   "execution_count": 2,
   "id": "built-contact",
   "metadata": {},
   "outputs": [
    {
     "name": "stdout",
     "output_type": "stream",
     "text": [
      "20\n",
      "20\n",
      "-100\n",
      "100\n",
      "[-16, 50, -18, -45, 91, 85, -80, 57, 74, -81, 99, 82, 78, -28, 77, 79, 32, -49, 48, 4]\n",
      "[34, 13, 91, -37, 87, 23, -27, 74, -96, -14, -99, 18, 35, -7, -93, -50, 37, 69, -9, 58]\n",
      "[7, -33, 58, 18, 68, -79, -6, 54, -57, 79, 32, -74, -93, -19, 6, 33, 77, 35, 25, 30]\n",
      "[83, -53, 28, -98, -46, 95, -91, -70, -84, 100, -82, -53, -21, -38, 38, -43, 30, -92, -39, -73]\n",
      "[52, -52, -69, -27, 94, -51, -70, 69, -96, -25, 59, -90, 80, -50, 3, -26, -40, -95, 27, 93]\n",
      "[-98, 89, 92, 77, 35, 91, 49, -61, 43, -2, 79, -67, 38, -48, 3, -67, -71, 64, 64, 55]\n",
      "[40, -85, 40, 16, 68, 29, -63, -55, -1, -69, 84, 55, -67, -36, -59, 85, 87, 9, 68, 56]\n",
      "[9, -58, -88, 32, 27, -52, -60, -3, -42, -86, -25, 54, -51, 15, -94, 64, -1, 61, 32, 0]\n",
      "[-63, 45, -6, 32, -79, 82, -57, 34, 41, -89, -9, 74, -93, 52, -36, 61, 87, 9, -46, -5]\n",
      "[-1, 6, 89, -23, 19, 13, 78, -85, 22, 21, 73, 67, -63, -25, -100, -13, 67, 93, -100, 49]\n",
      "[22, -3, 100, 99, -12, 99, -91, -72, -85, 82, 0, 93, -96, -88, 23, 53, -62, 44, 5, -91]\n",
      "[11, 83, 79, 10, 45, 48, 33, -64, 76, 47, 57, 35, -19, -70, 80, 12, 6, -43, -24, 30]\n",
      "[70, 76, -9, 62, -8, 38, -76, 44, 93, 82, 12, 87, -15, 71, -61, -76, 92, 95, 97, 1]\n",
      "[-22, -92, 54, -82, -84, -3, -76, 32, 47, 61, 64, 48, 6, -78, 2, -72, 40, 80, -11, 62]\n",
      "[-86, 17, -16, 59, -50, 95, 33, 7, 24, -4, 31, -62, -61, 90, -24, -93, 3, -94, -69, -17]\n",
      "[-7, 58, 98, -26, -64, 12, -64, 76, -26, -39, 60, -52, 14, -42, -96, 22, 44, -19, 93, 65]\n",
      "[92, -8, -41, -63, -23, 78, 12, -95, 27, -14, 15, -58, -28, -78, 17, -52, -7, -14, -50, 91]\n",
      "[5, 0, -70, 2, 28, 81, -40, -59, -57, -18, -38, 43, 24, 81, -9, -96, 4, 32, 38, 46]\n",
      "[-47, 14, -49, -22, -65, -47, 77, -28, 62, 87, 30, -78, -82, -61, 44, -88, -87, -92, -10, -68]\n",
      "[-22, -43, 85, -95, -14, 46, 50, 32, 0, -86, 91, -4, 49, 25, -27, 91, 63, -73, -88, -72]\n"
     ]
    }
   ],
   "source": [
    "import random\n",
    "import time\n",
    "import copy\n",
    "import math\n",
    "import timeit\n",
    "\n",
    "user_m = int(input())\n",
    "user_n = int(input())\n",
    "user_min_limit = int(input())\n",
    "user_max_limit = int(input())\n",
    "user_m, user_n, user_min_limit, user_max_limit\n",
    "\n",
    "matrix = [[random.randint(user_min_limit, user_max_limit) for j in range(user_n)] for i in range(user_m)]\n",
    "\n",
    "for i in range(user_m):\n",
    "    print(matrix[i])"
   ]
  },
  {
   "cell_type": "markdown",
   "id": "catholic-roots",
   "metadata": {},
   "source": [
    "### Задание №3\n",
    "Реализовать методы сортировки строк числовой матрицы в соответствии с\n",
    "заданием. Оценить время работы каждого алгоритма сортировки и сравнить его со\n",
    "временем стандартной функции сортировки. Испытания проводить на сгенерированных\n",
    "матрицах."
   ]
  },
  {
   "cell_type": "code",
   "execution_count": 3,
   "id": "opposed-creature",
   "metadata": {},
   "outputs": [],
   "source": [
    "import copy"
   ]
  },
  {
   "cell_type": "code",
   "execution_count": 4,
   "id": "cleared-anniversary",
   "metadata": {},
   "outputs": [
    {
     "name": "stdout",
     "output_type": "stream",
     "text": [
      "[-81, -80, -49, -45, -28, -18, -16, 4, 32, 48, 50, 57, 74, 77, 78, 79, 82, 85, 91, 99]\n",
      "[-99, -96, -93, -50, -37, -27, -14, -9, -7, 13, 18, 23, 34, 35, 37, 58, 69, 74, 87, 91]\n",
      "[-93, -79, -74, -57, -33, -19, -6, 6, 7, 18, 25, 30, 32, 33, 35, 54, 58, 68, 77, 79]\n",
      "[-98, -92, -91, -84, -82, -73, -70, -53, -53, -46, -43, -39, -38, -21, 28, 30, 38, 83, 95, 100]\n",
      "[-96, -95, -90, -70, -69, -52, -51, -50, -40, -27, -26, -25, 3, 27, 52, 59, 69, 80, 93, 94]\n",
      "[-98, -71, -67, -67, -61, -48, -2, 3, 35, 38, 43, 49, 55, 64, 64, 77, 79, 89, 91, 92]\n",
      "[-85, -69, -67, -63, -59, -55, -36, -1, 9, 16, 29, 40, 40, 55, 56, 68, 68, 84, 85, 87]\n",
      "[-94, -88, -86, -60, -58, -52, -51, -42, -25, -3, -1, 0, 9, 15, 27, 32, 32, 54, 61, 64]\n",
      "[-93, -89, -79, -63, -57, -46, -36, -9, -6, -5, 9, 32, 34, 41, 45, 52, 61, 74, 82, 87]\n",
      "[-100, -100, -85, -63, -25, -23, -13, -1, 6, 13, 19, 21, 22, 49, 67, 67, 73, 78, 89, 93]\n",
      "[-96, -91, -91, -88, -85, -72, -62, -12, -3, 0, 5, 22, 23, 44, 53, 82, 93, 99, 99, 100]\n",
      "[-70, -64, -43, -24, -19, 6, 10, 11, 12, 30, 33, 35, 45, 47, 48, 57, 76, 79, 80, 83]\n",
      "[-76, -76, -61, -15, -9, -8, 1, 12, 38, 44, 62, 70, 71, 76, 82, 87, 92, 93, 95, 97]\n",
      "[-92, -84, -82, -78, -76, -72, -22, -11, -3, 2, 6, 32, 40, 47, 48, 54, 61, 62, 64, 80]\n",
      "[-94, -93, -86, -69, -62, -61, -50, -24, -17, -16, -4, 3, 7, 17, 24, 31, 33, 59, 90, 95]\n",
      "[-96, -64, -64, -52, -42, -39, -26, -26, -19, -7, 12, 14, 22, 44, 58, 60, 65, 76, 93, 98]\n",
      "[-95, -78, -63, -58, -52, -50, -41, -28, -23, -14, -14, -8, -7, 12, 15, 17, 27, 78, 91, 92]\n",
      "[-96, -70, -59, -57, -40, -38, -18, -9, 0, 2, 4, 5, 24, 28, 32, 38, 43, 46, 81, 81]\n",
      "[-92, -88, -87, -82, -78, -68, -65, -61, -49, -47, -47, -28, -22, -10, 14, 30, 44, 62, 77, 87]\n",
      "[-95, -88, -86, -73, -72, -43, -27, -22, -14, -4, 0, 25, 32, 46, 49, 50, 63, 85, 91, 91]\n",
      "Time of sort 0.001765499999997644\n"
     ]
    }
   ],
   "source": [
    "# Сортировка выбором.\n",
    "# Берётся срез массива, в котором минимальный элемент переносят в самый левый угол,\n",
    "# после чего срез уменьшается и цикл повторяется.\n",
    "import copy\n",
    "def choice_sort(matrix):\n",
    "    for i in range(0, len(matrix) - 1):\n",
    "        minimum = i\n",
    "        for j in range(i + 1, len(matrix)):\n",
    "            if matrix[j] < matrix[minimum]:\n",
    "                minimum = j\n",
    "        matrix[i], matrix[minimum] = matrix[minimum], matrix[i]\n",
    "    return(matrix)\n",
    "\n",
    "matrix_for_choice_sort = copy.deepcopy(matrix)\n",
    "\n",
    "start_time = timeit.default_timer()\n",
    "\n",
    "for i in range(int(user_m)):\n",
    " print(choice_sort(matrix_for_choice_sort[i]))\n",
    "\n",
    "print(\"Time of sort\", timeit.default_timer() - start_time)"
   ]
  },
  {
   "cell_type": "code",
   "execution_count": 5,
   "id": "roman-silly",
   "metadata": {
    "scrolled": true
   },
   "outputs": [
    {
     "name": "stdout",
     "output_type": "stream",
     "text": [
      "[-81, -80, -49, -45, -28, -18, -16, 4, 32, 48, 50, 57, 74, 77, 78, 79, 82, 85, 91, 99]\n",
      "[-99, -96, -93, -50, -37, -27, -14, -9, -7, 13, 18, 23, 34, 35, 37, 58, 69, 74, 87, 91]\n",
      "[-93, -79, -74, -57, -33, -19, -6, 6, 7, 18, 25, 30, 32, 33, 35, 54, 58, 68, 77, 79]\n",
      "[-98, -92, -91, -84, -82, -73, -70, -53, -53, -46, -43, -39, -38, -21, 28, 30, 38, 83, 95, 100]\n",
      "[-96, -95, -90, -70, -69, -52, -51, -50, -40, -27, -26, -25, 3, 27, 52, 59, 69, 80, 93, 94]\n",
      "[-98, -71, -67, -67, -61, -48, -2, 3, 35, 38, 43, 49, 55, 64, 64, 77, 79, 89, 91, 92]\n",
      "[-85, -69, -67, -63, -59, -55, -36, -1, 9, 16, 29, 40, 40, 55, 56, 68, 68, 84, 85, 87]\n",
      "[-94, -88, -86, -60, -58, -52, -51, -42, -25, -3, -1, 0, 9, 15, 27, 32, 32, 54, 61, 64]\n",
      "[-93, -89, -79, -63, -57, -46, -36, -9, -6, -5, 9, 32, 34, 41, 45, 52, 61, 74, 82, 87]\n",
      "[-100, -100, -85, -63, -25, -23, -13, -1, 6, 13, 19, 21, 22, 49, 67, 67, 73, 78, 89, 93]\n",
      "[-96, -91, -91, -88, -85, -72, -62, -12, -3, 0, 5, 22, 23, 44, 53, 82, 93, 99, 99, 100]\n",
      "[-70, -64, -43, -24, -19, 6, 10, 11, 12, 30, 33, 35, 45, 47, 48, 57, 76, 79, 80, 83]\n",
      "[-76, -76, -61, -15, -9, -8, 1, 12, 38, 44, 62, 70, 71, 76, 82, 87, 92, 93, 95, 97]\n",
      "[-92, -84, -82, -78, -76, -72, -22, -11, -3, 2, 6, 32, 40, 47, 48, 54, 61, 62, 64, 80]\n",
      "[-94, -93, -86, -69, -62, -61, -50, -24, -17, -16, -4, 3, 7, 17, 24, 31, 33, 59, 90, 95]\n",
      "[-96, -64, -64, -52, -42, -39, -26, -26, -19, -7, 12, 14, 22, 44, 58, 60, 65, 76, 93, 98]\n",
      "[-95, -78, -63, -58, -52, -50, -41, -28, -23, -14, -14, -8, -7, 12, 15, 17, 27, 78, 91, 92]\n",
      "[-96, -70, -59, -57, -40, -38, -18, -9, 0, 2, 4, 5, 24, 28, 32, 38, 43, 46, 81, 81]\n",
      "[-92, -88, -87, -82, -78, -68, -65, -61, -49, -47, -47, -28, -22, -10, 14, 30, 44, 62, 77, 87]\n",
      "[-95, -88, -86, -73, -72, -43, -27, -22, -14, -4, 0, 25, 32, 46, 49, 50, 63, 85, 91, 91]\n",
      "Time of sort 0.002340999999997706\n"
     ]
    }
   ],
   "source": [
    "# Сортировка вставкой.\n",
    "import timeit\n",
    "import copy\n",
    "def insert_sort(matrix):\n",
    "    for i in range(len(matrix)):\n",
    "        cursor = matrix[i]\n",
    "        pos = i\n",
    "        while pos > 0 and matrix[pos - 1] > cursor:\n",
    "            matrix[pos] = matrix[pos - 1]\n",
    "            pos = pos - 1\n",
    "        matrix[pos] = cursor\n",
    "    return (matrix)\n",
    "\n",
    "start_time = timeit.default_timer()\n",
    "matrix_for_insert_sort = copy.deepcopy(matrix)\n",
    "for i in range(user_m):\n",
    "    print(insert_sort(matrix[i]))\n",
    "\n",
    "print(\"Time of sort\", timeit.default_timer() - start_time)"
   ]
  },
  {
   "cell_type": "code",
   "execution_count": 6,
   "id": "vital-implementation",
   "metadata": {},
   "outputs": [
    {
     "name": "stdout",
     "output_type": "stream",
     "text": [
      "[-81, -80, -49, -45, -28, -18, -16, 4, 32, 48, 50, 57, 74, 77, 78, 79, 82, 85, 91, 99]\n",
      "[-99, -96, -93, -50, -37, -27, -14, -9, -7, 13, 18, 23, 34, 35, 37, 58, 69, 74, 87, 91]\n",
      "[-93, -79, -74, -57, -33, -19, -6, 6, 7, 18, 25, 30, 32, 33, 35, 54, 58, 68, 77, 79]\n",
      "[-98, -92, -91, -84, -82, -73, -70, -53, -53, -46, -43, -39, -38, -21, 28, 30, 38, 83, 95, 100]\n",
      "[-96, -95, -90, -70, -69, -52, -51, -50, -40, -27, -26, -25, 3, 27, 52, 59, 69, 80, 93, 94]\n",
      "[-98, -71, -67, -67, -61, -48, -2, 3, 35, 38, 43, 49, 55, 64, 64, 77, 79, 89, 91, 92]\n",
      "[-85, -69, -67, -63, -59, -55, -36, -1, 9, 16, 29, 40, 40, 55, 56, 68, 68, 84, 85, 87]\n",
      "[-94, -88, -86, -60, -58, -52, -51, -42, -25, -3, -1, 0, 9, 15, 27, 32, 32, 54, 61, 64]\n",
      "[-93, -89, -79, -63, -57, -46, -36, -9, -6, -5, 9, 32, 34, 41, 45, 52, 61, 74, 82, 87]\n",
      "[-100, -100, -85, -63, -25, -23, -13, -1, 6, 13, 19, 21, 22, 49, 67, 67, 73, 78, 89, 93]\n",
      "[-96, -91, -91, -88, -85, -72, -62, -12, -3, 0, 5, 22, 23, 44, 53, 82, 93, 99, 99, 100]\n",
      "[-70, -64, -43, -24, -19, 6, 10, 11, 12, 30, 33, 35, 45, 47, 48, 57, 76, 79, 80, 83]\n",
      "[-76, -76, -61, -15, -9, -8, 1, 12, 38, 44, 62, 70, 71, 76, 82, 87, 92, 93, 95, 97]\n",
      "[-92, -84, -82, -78, -76, -72, -22, -11, -3, 2, 6, 32, 40, 47, 48, 54, 61, 62, 64, 80]\n",
      "[-94, -93, -86, -69, -62, -61, -50, -24, -17, -16, -4, 3, 7, 17, 24, 31, 33, 59, 90, 95]\n",
      "[-96, -64, -64, -52, -42, -39, -26, -26, -19, -7, 12, 14, 22, 44, 58, 60, 65, 76, 93, 98]\n",
      "[-95, -78, -63, -58, -52, -50, -41, -28, -23, -14, -14, -8, -7, 12, 15, 17, 27, 78, 91, 92]\n",
      "[-96, -70, -59, -57, -40, -38, -18, -9, 0, 2, 4, 5, 24, 28, 32, 38, 43, 46, 81, 81]\n",
      "[-92, -88, -87, -82, -78, -68, -65, -61, -49, -47, -47, -28, -22, -10, 14, 30, 44, 62, 77, 87]\n",
      "[-95, -88, -86, -73, -72, -43, -27, -22, -14, -4, 0, 25, 32, 46, 49, 50, 63, 85, 91, 91]\n",
      "Time of sort 0.0011235999999996693\n"
     ]
    }
   ],
   "source": [
    "# Сортировка обменом. || Сортировка пузырьком.\n",
    "\n",
    "def bubble_sort(matrix):\n",
    "    def swap(i, j):\n",
    "        matrix[i], matrix[j] = matrix[j], matrix[i]\n",
    "\n",
    "    n = len(matrix)\n",
    "    swapped = True\n",
    "    \n",
    "    x = -1\n",
    "    while swapped:\n",
    "        swapped = False\n",
    "        x = x + 1\n",
    "        for i in range(1, n-x):\n",
    "            if matrix[i - 1] > matrix[i]:\n",
    "                swap(i - 1, i)\n",
    "                swapped = True\n",
    "    return matrix\n",
    "\n",
    "matrix_for_bubble_sort = copy.deepcopy(matrix)\n",
    "start_time = timeit.default_timer()\n",
    "\n",
    "for i in range(int(user_m)):\n",
    "    print(bubble_sort(matrix_for_bubble_sort[i]))\n",
    "                \n",
    "print(\"Time of sort\", timeit.default_timer() - start_time)"
   ]
  },
  {
   "cell_type": "code",
   "execution_count": 7,
   "id": "veterinary-glory",
   "metadata": {},
   "outputs": [
    {
     "name": "stdout",
     "output_type": "stream",
     "text": [
      "[-81, -80, -49, -45, -28, -18, -16, 4, 32, 48, 50, 57, 74, 77, 78, 79, 82, 85, 91, 99]\n",
      "[-99, -96, -93, -50, -37, -27, -14, -9, -7, 13, 18, 23, 34, 35, 37, 58, 69, 74, 87, 91]\n",
      "[-93, -79, -74, -57, -33, -19, -6, 6, 7, 18, 25, 30, 32, 33, 35, 54, 58, 68, 77, 79]\n",
      "[-98, -92, -91, -84, -82, -73, -70, -53, -53, -46, -43, -39, -38, -21, 28, 30, 38, 83, 95, 100]\n",
      "[-96, -95, -90, -70, -69, -52, -51, -50, -40, -27, -26, -25, 3, 27, 52, 59, 69, 80, 93, 94]\n",
      "[-98, -71, -67, -67, -61, -48, -2, 3, 35, 38, 43, 49, 55, 64, 64, 77, 79, 89, 91, 92]\n",
      "[-85, -69, -67, -63, -59, -55, -36, -1, 9, 16, 29, 40, 40, 55, 56, 68, 68, 84, 85, 87]\n",
      "[-94, -88, -86, -60, -58, -52, -51, -42, -25, -3, -1, 0, 9, 15, 27, 32, 32, 54, 61, 64]\n",
      "[-93, -89, -79, -63, -57, -46, -36, -9, -6, -5, 9, 32, 34, 41, 45, 52, 61, 74, 82, 87]\n",
      "[-100, -100, -85, -63, -25, -23, -13, -1, 6, 13, 19, 21, 22, 49, 67, 67, 73, 78, 89, 93]\n",
      "[-96, -91, -91, -88, -85, -72, -62, -12, -3, 0, 5, 22, 23, 44, 53, 82, 93, 99, 99, 100]\n",
      "[-70, -64, -43, -24, -19, 6, 10, 11, 12, 30, 33, 35, 45, 47, 48, 57, 76, 79, 80, 83]\n",
      "[-76, -76, -61, -15, -9, -8, 1, 12, 38, 44, 62, 70, 71, 76, 82, 87, 92, 93, 95, 97]\n",
      "[-92, -84, -82, -78, -76, -72, -22, -11, -3, 2, 6, 32, 40, 47, 48, 54, 61, 62, 64, 80]\n",
      "[-94, -93, -86, -69, -62, -61, -50, -24, -17, -16, -4, 3, 7, 17, 24, 31, 33, 59, 90, 95]\n",
      "[-96, -64, -64, -52, -42, -39, -26, -26, -19, -7, 12, 14, 22, 44, 58, 60, 65, 76, 93, 98]\n",
      "[-95, -78, -63, -58, -52, -50, -41, -28, -23, -14, -14, -8, -7, 12, 15, 17, 27, 78, 91, 92]\n",
      "[-96, -70, -59, -57, -40, -38, -18, -9, 0, 2, 4, 5, 24, 28, 32, 38, 43, 46, 81, 81]\n",
      "[-92, -88, -87, -82, -78, -68, -65, -61, -49, -47, -47, -28, -22, -10, 14, 30, 44, 62, 77, 87]\n",
      "[-95, -88, -86, -73, -72, -43, -27, -22, -14, -4, 0, 25, 32, 46, 49, 50, 63, 85, 91, 91]\n",
      "Time of sort 0.0017136999999998181\n"
     ]
    }
   ],
   "source": [
    "# Сортировка Шелла.\n",
    "import math\n",
    "\n",
    "def shell_sort(matrix):\n",
    "    interval = len(matrix) // 2\n",
    "    while interval:\n",
    "        for i, el in enumerate(matrix):\n",
    "            while i >= interval and matrix[i - interval] > el:\n",
    "                matrix[i] = matrix[i - interval]\n",
    "                i -= interval\n",
    "            matrix[i] = el\n",
    "        interval = 1 if interval == 2 else int(interval * 5.0 / 11)\n",
    "    return matrix\n",
    "\n",
    "start_time = timeit.default_timer()\n",
    "\n",
    "matrix_for_shell_sort = copy.deepcopy(matrix)\n",
    "for i in range(int(user_m)):\n",
    "    print(shell_sort(matrix_for_shell_sort[i]))\n",
    "print(\"Time of sort\", timeit.default_timer() - start_time)"
   ]
  },
  {
   "cell_type": "code",
   "execution_count": 8,
   "id": "correct-chaos",
   "metadata": {},
   "outputs": [
    {
     "name": "stdout",
     "output_type": "stream",
     "text": [
      "[-81, -80, -49, -45, -28, -18, -16, 4, 32, 48, 50, 57, 74, 77, 78, 79, 82, 85, 91, 99]\n",
      "[-99, -96, -93, -50, -37, -27, -14, -9, -7, 13, 18, 23, 34, 35, 37, 58, 69, 74, 87, 91]\n",
      "[-93, -79, -74, -57, -33, -19, -6, 6, 7, 18, 25, 30, 32, 33, 35, 54, 58, 68, 77, 79]\n",
      "[-98, -92, -91, -84, -82, -73, -70, -53, -53, -46, -43, -39, -38, -21, 28, 30, 38, 83, 95, 100]\n",
      "[-96, -95, -90, -70, -69, -52, -51, -50, -40, -27, -26, -25, 3, 27, 52, 59, 69, 80, 93, 94]\n",
      "[-98, -71, -67, -67, -61, -48, -2, 3, 35, 38, 43, 49, 55, 64, 64, 77, 79, 89, 91, 92]\n",
      "[-85, -69, -67, -63, -59, -55, -36, -1, 9, 16, 29, 40, 40, 55, 56, 68, 68, 84, 85, 87]\n",
      "[-94, -88, -86, -60, -58, -52, -51, -42, -25, -3, -1, 0, 9, 15, 27, 32, 32, 54, 61, 64]\n",
      "[-93, -89, -79, -63, -57, -46, -36, -9, -6, -5, 9, 32, 34, 41, 45, 52, 61, 74, 82, 87]\n",
      "[-100, -100, -85, -63, -25, -23, -13, -1, 6, 13, 19, 21, 22, 49, 67, 67, 73, 78, 89, 93]\n",
      "[-96, -91, -91, -88, -85, -72, -62, -12, -3, 0, 5, 22, 23, 44, 53, 82, 93, 99, 99, 100]\n",
      "[-70, -64, -43, -24, -19, 6, 10, 11, 12, 30, 33, 35, 45, 47, 48, 57, 76, 79, 80, 83]\n",
      "[-76, -76, -61, -15, -9, -8, 1, 12, 38, 44, 62, 70, 71, 76, 82, 87, 92, 93, 95, 97]\n",
      "[-92, -84, -82, -78, -76, -72, -22, -11, -3, 2, 6, 32, 40, 47, 48, 54, 61, 62, 64, 80]\n",
      "[-94, -93, -86, -69, -62, -61, -50, -24, -17, -16, -4, 3, 7, 17, 24, 31, 33, 59, 90, 95]\n",
      "[-96, -64, -64, -52, -42, -39, -26, -26, -19, -7, 12, 14, 22, 44, 58, 60, 65, 76, 93, 98]\n",
      "[-95, -78, -63, -58, -52, -50, -41, -28, -23, -14, -14, -8, -7, 12, 15, 17, 27, 78, 91, 92]\n",
      "[-96, -70, -59, -57, -40, -38, -18, -9, 0, 2, 4, 5, 24, 28, 32, 38, 43, 46, 81, 81]\n",
      "[-92, -88, -87, -82, -78, -68, -65, -61, -49, -47, -47, -28, -22, -10, 14, 30, 44, 62, 77, 87]\n",
      "[-95, -88, -86, -73, -72, -43, -27, -22, -14, -4, 0, 25, 32, 46, 49, 50, 63, 85, 91, 91]\n",
      "Time of sort 0.0024681999999991433\n"
     ]
    }
   ],
   "source": [
    "# Быстрая сортировка.\n",
    "\n",
    "def quick_sort(matrix):\n",
    "    if len(matrix)> 1:\n",
    "        pillar=matrix.pop()\n",
    "        greater_list, equal_list, smaller_list = [], [pillar], []\n",
    "        for item in matrix:\n",
    "            if item == matrix:\n",
    "                equal_list.append(item)\n",
    "            elif item > pillar:\n",
    "                greater_list.append(item)\n",
    "            else:\n",
    "                smaller_list.append(item)\n",
    "        return (quick_sort(smaller_list) + equal_list + quick_sort(greater_list))\n",
    "    else:\n",
    "        return matrix\n",
    "    \n",
    "matrix_for_quick_sort = copy.deepcopy(matrix)\n",
    "start_time = timeit.default_timer()\n",
    "for i in range(int(user_m)):\n",
    "    print(quick_sort(matrix_for_quick_sort[i]))\n",
    "print(\"Time of sort\", timeit.default_timer() - start_time)\n",
    "    "
   ]
  },
  {
   "cell_type": "code",
   "execution_count": 9,
   "id": "french-czech",
   "metadata": {
    "scrolled": true
   },
   "outputs": [
    {
     "name": "stdout",
     "output_type": "stream",
     "text": [
      "[-81, -80, -49, -45, -28, -18, -16, 4, 32, 48, 50, 57, 74, 77, 78, 79, 82, 85, 91, 99]\n",
      "[-99, -96, -93, -50, -37, -27, -14, -9, -7, 13, 18, 23, 34, 35, 37, 58, 69, 74, 87, 91]\n",
      "[-93, -79, -74, -57, -33, -19, -6, 6, 7, 18, 25, 30, 32, 33, 35, 54, 58, 68, 77, 79]\n",
      "[-98, -92, -91, -84, -82, -73, -70, -53, -53, -46, -43, -39, -38, -21, 28, 30, 38, 83, 95, 100]\n",
      "[-96, -95, -90, -70, -69, -52, -51, -50, -40, -27, -26, -25, 3, 27, 52, 59, 69, 80, 93, 94]\n",
      "[-98, -71, -67, -67, -61, -48, -2, 3, 35, 38, 43, 49, 55, 64, 64, 77, 79, 89, 91, 92]\n",
      "[-85, -69, -67, -63, -59, -55, -36, -1, 9, 16, 29, 40, 40, 55, 56, 68, 68, 84, 85, 87]\n",
      "[-94, -88, -86, -60, -58, -52, -51, -42, -25, -3, -1, 0, 9, 15, 27, 32, 32, 54, 61, 64]\n",
      "[-93, -89, -79, -63, -57, -46, -36, -9, -6, -5, 9, 32, 34, 41, 45, 52, 61, 74, 82, 87]\n",
      "[-100, -100, -85, -63, -25, -23, -13, -1, 6, 13, 19, 21, 22, 49, 67, 67, 73, 78, 89, 93]\n",
      "[-96, -91, -91, -88, -85, -72, -62, -12, -3, 0, 5, 22, 23, 44, 53, 82, 93, 99, 99, 100]\n",
      "[-70, -64, -43, -24, -19, 6, 10, 11, 12, 30, 33, 35, 45, 47, 48, 57, 76, 79, 80, 83]\n",
      "[-76, -76, -61, -15, -9, -8, 1, 12, 38, 44, 62, 70, 71, 76, 82, 87, 92, 93, 95, 97]\n",
      "[-92, -84, -82, -78, -76, -72, -22, -11, -3, 2, 6, 32, 40, 47, 48, 54, 61, 62, 64, 80]\n",
      "[-94, -93, -86, -69, -62, -61, -50, -24, -17, -16, -4, 3, 7, 17, 24, 31, 33, 59, 90, 95]\n",
      "[-96, -64, -64, -52, -42, -39, -26, -26, -19, -7, 12, 14, 22, 44, 58, 60, 65, 76, 93, 98]\n",
      "[-95, -78, -63, -58, -52, -50, -41, -28, -23, -14, -14, -8, -7, 12, 15, 17, 27, 78, 91, 92]\n",
      "[-96, -70, -59, -57, -40, -38, -18, -9, 0, 2, 4, 5, 24, 28, 32, 38, 43, 46, 81, 81]\n",
      "[-92, -88, -87, -82, -78, -68, -65, -61, -49, -47, -47, -28, -22, -10, 14, 30, 44, 62, 77, 87]\n",
      "[-95, -88, -86, -73, -72, -43, -27, -22, -14, -4, 0, 25, 32, 46, 49, 50, 63, 85, 91, 91]\n",
      "Time of sort 0.004098700000000122\n"
     ]
    }
   ],
   "source": [
    "# Турнирная сортировка.\n",
    "\n",
    "def tournament_sort(a: list[int]) -> list[int]:\n",
    "    a_len: int = len(a)\n",
    "    heap = PriorityHeap()\n",
    "    winners: list[int] = []\n",
    "    losers: list[int] = []\n",
    "\n",
    "    while heap.size < heap.max_size and heap.size < a_len:\n",
    "        elem = a[heap.size]\n",
    "        if winners and winners[-1] > elem:\n",
    "            losers.append(elem)\n",
    "        else:\n",
    "            heap.max_heap_insert(a[heap.size])\n",
    "\n",
    "    for i in range(heap.size, a_len):\n",
    "        elem: int = a[i]\n",
    "\n",
    "        if winners and winners[-1] > elem:\n",
    "            losers.append(elem)\n",
    "        else: \n",
    "            max_elem: int = heap.pop_max()\n",
    "\n",
    "            if not winners:\n",
    "                winners.append(max_elem)\n",
    "            elif winners[-1] <= max_elem:\n",
    "                winners.append(max_elem)\n",
    "            else:\n",
    "                losers.append(max_elem)\n",
    "\n",
    "            heap.max_heap_insert(elem)\n",
    "    \n",
    "    while heap.size > 0:\n",
    "        max_elem: int = heap.pop_max()\n",
    "\n",
    "        if not winners:\n",
    "            winners.append(max_elem)\n",
    "        elif winners[-1] <= max_elem:\n",
    "            winners.append(max_elem)\n",
    "        else: \n",
    "            losers.append(max_elem)\n",
    "    \n",
    "    if not losers:\n",
    "        return winners\n",
    "    else:\n",
    "        winners2: list[int] = tournament_sort(losers)\n",
    "\n",
    "        i: int = 0\n",
    "        j: int = 0\n",
    "        winners1_len: int = len(winners)\n",
    "        winners2_len: int = len(winners2)\n",
    "\n",
    "        winners_res: list[int] = []\n",
    "\n",
    "        while i < winners1_len and j < winners2_len:\n",
    "            if winners[i] < winners2[j]:\n",
    "                winners_res.append(winners[i])\n",
    "                i += 1\n",
    "            else:\n",
    "                winners_res.append(winners2[j])\n",
    "                j += 1\n",
    "        while i < winners1_len:\n",
    "            winners_res.append(winners[i])\n",
    "            i += 1\n",
    "        while j < winners2_len:\n",
    "            winners_res.append(winners2[j])\n",
    "            j += 1\n",
    "        return winners_res\n",
    "\n",
    "class PriorityHeap:\n",
    "    def __init__(self) -> None:\n",
    "        self.cache: list[int] = []\n",
    "        self.size: int = 0\n",
    "        self.max_size = 32\n",
    "\n",
    "    def pop_max(self) -> any: ###\n",
    "        res = self.cache[0]\n",
    "        self.size -= 1\n",
    "        self.cache[0] = self.cache[self.size]\n",
    "        self.cache.pop(self.size)\n",
    "        self.iter_heapify(0)\n",
    "        return res\n",
    "\n",
    "    def max_heap_insert(self, key: int):\n",
    "        self.cache.append(-1000000000000000)\n",
    "        self.insert_key(key, self.size)       #iter_key\n",
    "        self.size += 1\n",
    "        \n",
    "    def insert_key(self, value: int, i: int):\n",
    "        self.cache[i]  = value\n",
    "        parent = self.parent(i)\n",
    "        while i > 0 and self.cache[parent] > self.cache[i]:\n",
    "            self.cache[parent], self.cache[i] = self.cache[i], self.cache[parent]\n",
    "            i = parent\n",
    "            parent = self.parent(i)\n",
    "\n",
    "    def parent(self, i: int) -> int:\n",
    "        res = (i >> 1) - 1\n",
    "        if res < 0:\n",
    "            return 0\n",
    "        else:\n",
    "            return res\n",
    "\n",
    "    def iter_heapify(self, i: int) -> None:\n",
    "        while True:\n",
    "            l: int = (i << 1) + 1\n",
    "            r: int = (i << 1) + 2\n",
    "            largest: int = i\n",
    "\n",
    "            if l < self.size and self.cache[l] < self.cache[largest]:\n",
    "                largest = l\n",
    "\n",
    "            if r < self.size and self.cache[r] < self.cache[largest]:\n",
    "                largest = r\n",
    "\n",
    "            if largest ==i:\n",
    "                break\n",
    "            else:\n",
    "                self.cache[i], self.cache[largest] = self.cache[largest], self.cache[i]\n",
    "                i = largest\n",
    "\n",
    "\n",
    "matrix_for_tournament_sort = matrix\n",
    "start_time = timeit.default_timer()\n",
    "for i in range(int(user_m)):\n",
    "    print(tournament_sort(matrix_for_tournament_sort[i]))\n",
    "print(\"Time of sort\", timeit.default_timer() - start_time)"
   ]
  },
  {
   "cell_type": "code",
   "execution_count": 10,
   "id": "c6ae79f8",
   "metadata": {},
   "outputs": [
    {
     "name": "stdout",
     "output_type": "stream",
     "text": [
      "[-81, -80, -49, -45, -28, -18, -16, 4, 32, 48, 50, 57, 74, 77, 78, 79, 82, 85, 91, 99]\n",
      "[-99, -96, -93, -50, -37, -27, -14, -9, -7, 13, 18, 23, 34, 35, 37, 58, 69, 74, 87, 91]\n",
      "[-93, -79, -74, -57, -33, -19, -6, 6, 7, 18, 25, 30, 32, 33, 35, 54, 58, 68, 77, 79]\n",
      "[-98, -92, -91, -84, -82, -73, -70, -53, -53, -46, -43, -39, -38, -21, 28, 30, 38, 83, 95, 100]\n",
      "[-96, -95, -90, -70, -69, -52, -51, -50, -40, -27, -26, -25, 3, 27, 52, 59, 69, 80, 93, 94]\n",
      "[-98, -71, -67, -67, -61, -48, -2, 3, 35, 38, 43, 49, 55, 64, 64, 77, 79, 89, 91, 92]\n",
      "[-85, -69, -67, -63, -59, -55, -36, -1, 9, 16, 29, 40, 40, 55, 56, 68, 68, 84, 85, 87]\n",
      "[-94, -88, -86, -60, -58, -52, -51, -42, -25, -3, -1, 0, 9, 15, 27, 32, 32, 54, 61, 64]\n",
      "[-93, -89, -79, -63, -57, -46, -36, -9, -6, -5, 9, 32, 34, 41, 45, 52, 61, 74, 82, 87]\n",
      "[-100, -100, -85, -63, -25, -23, -13, -1, 6, 13, 19, 21, 22, 49, 67, 67, 73, 78, 89, 93]\n",
      "[-96, -91, -91, -88, -85, -72, -62, -12, -3, 0, 5, 22, 23, 44, 53, 82, 93, 99, 99, 100]\n",
      "[-70, -64, -43, -24, -19, 6, 10, 11, 12, 30, 33, 35, 45, 47, 48, 57, 76, 79, 80, 83]\n",
      "[-76, -76, -61, -15, -9, -8, 1, 12, 38, 44, 62, 70, 71, 76, 82, 87, 92, 93, 95, 97]\n",
      "[-92, -84, -82, -78, -76, -72, -22, -11, -3, 2, 6, 32, 40, 47, 48, 54, 61, 62, 64, 80]\n",
      "[-94, -93, -86, -69, -62, -61, -50, -24, -17, -16, -4, 3, 7, 17, 24, 31, 33, 59, 90, 95]\n",
      "[-96, -64, -64, -52, -42, -39, -26, -26, -19, -7, 12, 14, 22, 44, 58, 60, 65, 76, 93, 98]\n",
      "[-95, -78, -63, -58, -52, -50, -41, -28, -23, -14, -14, -8, -7, 12, 15, 17, 27, 78, 91, 92]\n",
      "[-96, -70, -59, -57, -40, -38, -18, -9, 0, 2, 4, 5, 24, 28, 32, 38, 43, 46, 81, 81]\n",
      "[-92, -88, -87, -82, -78, -68, -65, -61, -49, -47, -47, -28, -22, -10, 14, 30, 44, 62, 77, 87]\n",
      "[-95, -88, -86, -73, -72, -43, -27, -22, -14, -4, 0, 25, 32, 46, 49, 50, 63, 85, 91, 91]\n",
      "Time of sort 0.000928800000000507\n"
     ]
    }
   ],
   "source": [
    "#Встроенная сортировка\n",
    "matrix_for_included_sort = copy.deepcopy(matrix)\n",
    "start_time = timeit.default_timer()\n",
    "for i in range(int(user_m)):\n",
    "    print(sorted(matrix_for_included_sort[i]))\n",
    "print(\"Time of sort\", timeit.default_timer() - start_time)"
   ]
  },
  {
   "cell_type": "markdown",
   "id": "rental-jerusalem",
   "metadata": {},
   "source": [
    "### Вывод\n"
   ]
  },
  {
   "cell_type": "markdown",
   "id": "9d108a0a",
   "metadata": {},
   "source": []
  },
  {
   "cell_type": "code",
   "execution_count": null,
   "id": "3a79e75d",
   "metadata": {},
   "outputs": [],
   "source": [
    " В ходе работы с алгоритмами сортировки мы получили следующие результаты :\n",
    "  1)Сортировка выбором занимает - 0.001765499999997644 секунды\n",
    "  2)Сортировка вставкой занимает - 0.002340999999997706 секунды\n",
    "  3)Сортировка обменом занимает - 0.0011235999999996693 секунды\n",
    "  4)Сортировка Шелла занимает - 0.0017136999999998181 секунды\n",
    "  5)Быстрая сортировка занимает - 0.0024681999999991433 секунды\n",
    "  6)Турнирная сортировка занимает - 0.004098700000000122 секунды\n",
    "  7)Встроенная сортировка занимает - 0.000928800000000507 секунды\n",
    " Исходя из вышеперечисленных результатов мы видим, что встроенная сортировка оказалась быстрее всех, худший результат получила\n",
    "турнирная сортировка."
   ]
  },
  {
   "cell_type": "code",
   "execution_count": null,
   "id": "1c4f6c1c",
   "metadata": {},
   "outputs": [],
   "source": []
  }
 ],
 "metadata": {
  "kernelspec": {
   "display_name": "Python 3 (ipykernel)",
   "language": "python",
   "name": "python3"
  },
  "language_info": {
   "codemirror_mode": {
    "name": "ipython",
    "version": 3
   },
   "file_extension": ".py",
   "mimetype": "text/x-python",
   "name": "python",
   "nbconvert_exporter": "python",
   "pygments_lexer": "ipython3",
   "version": "3.9.7"
  }
 },
 "nbformat": 4,
 "nbformat_minor": 5
}
